0 13
88544 30723 82022 45608 1599 6990 94192 70546 94356 4346 45948 91997 96767
1 19
22277 32904 13706 57868 36109 50324 89494 88985 4770 54693 43193 75323 26185 64718 30294 51943 81515 4989 94334
2 18
85500 59105 95109 86566 70856 70281 96619 81548 29805 88815 2833 99122 9041 81874 16023 11192 35387 7100
3 14
1441 92770 43193 68679 28715 49233 93556 75988 4982 23414 6008 19769 73436 54205
4 12
89089 7521 14116 75782 7431 39112 16808 84490 3437 88055 50423 24927
5 16
83777 98759 32713 47081 30091 62891 48874 69906 90613 41431 34776 31929 70553 14459 85820 86009
6 15
32000 76192 40065 76032 2535 92011 7756 52588 46 47182 1006 8469 78614 27899 27549
7 20
22656 63360 71696 37266 21142 70688 50744 37050 12603 95812 90821 17095 84296 27984 79184 32082 40419 37092 47086 87022
8 12
55075 29784 47723 9995 28843 71854 26670 16557 53591 6488 44699 82683
9 19
32264 95375 64402 23584 75171 72742 31528 51373 15538 83380 73654 90178 83907 18888 21205 38744 91115 35949 67053
10 10
40578 38822 25447 36199 24649 77591 42576 14256 12532 2967
11 18
67649 70210 51837 4869 77382 8607 74826 82602 29132 58221 97198 36879 38257 83794 73881 46556 27005 87231
12 13
16384 3072 20226 19620 79461 45929 34570 74644 14869 23189 42296 4986 37212
13 16
59458 292 92709 65060 25167 54831 80593 19001 22579 84405 33975 90680 46105 14748 34910 80223
14 16
29824 79169 42278 10793 36842 70476 27676 24976 57106 12947 33620 86966 46235 92796 55357 7166
15 14
23394 83108 12330 21436 17740 81548 34990 8913 29618 17745 2196 59740 1051 97244
16 18
65538 31044 80933 86246 46212 45060 46573 40720 12081 66289 14484 59477 79317 78933 69365 21273 45051 19163
17 11
51970 25571 260 45853 7594 29228 55850 44591 72496 96442 16957
18 14
35169 55842 69057 52395 64396 74125 80302 29586 74997 75224 56601 73308 98878 52255
19 20
54031 289 2596 33832 59697 53043 31923 15417 53181 34109 57153 77516 41297 84320 10987 84845 50289 45938 62074 82303
20 18
54112 37314 60514 46404 45286 79689 17453 92494 56269 21904 54544 6642 68344 82710 99671 70902 88220 83263
21 11
3458 26628 12966 90246 49514 64318 81905 68435 35891 47189 12190
22 12
44960 22817 92610 93602 75945 82315 61262 28374 52246 82744 2491 72092
23 15
26113 22914 41636 51430 89639 98955 37676 26317 47054 33117 79922 33589 30360 74428 21213
24 20
264 79114 46348 44558 68370 46741 88984 47774 51615 77741 29104 38835 62132 37301 33209 17724 1864 480 67938 90615
25 13
26816 69060 87370 16523 87786 60620 5898 31263 97951 14449 28562 79583 8959
26 11
36834 31193 79353 33647 21296 18513 55793 57812 38644 89591 28825
27 11
62977 60997 28774 16616 31660 47183 4210 26450 6037 68826 60124
28 16
89282 6372 73030 15591 60398 4431 4816 95507 8020 93781 78067 97303 90587 85083 3516 31037
29 18
68449 12708 97733 77350 66311 50056 80009 23600 69361 77682 68691 80532 33042 93750 33336 55674 99675 69534
30 10
18368 56455 60328 8490 79533 82894 38354 20501 2933 77688
31 14
93376 27105 79809 41476 72520 22987 17547 51917 13425 76529 54387 81525 62359 82457
32 10
93731 97929 41228 38606 20014 34352 60474 90270 80734 50751
33 13
16578 34019 68835 52455 14856 65864 79505 37618 69331 21653 67446 30297 92382
34 15
83619 66243 88521 54026 6351 94768 89682 34868 97750 58167 27800 78776 37051 95869 22903
35 10
23008 38402 16035 17816 7718 14697 39949 45746 52920 34846
36 20
99462 26631 35593 59274 77963 46868 25237 89878 73880 95899 26656 18738 2357 38217 99914 19921 63319 78426 30060 43003
37 15
45921 84584 56840 27304 23993 49544 35308 51214 72136 47505 72497 75287 5214 48474 87774
38 15
92416 96167 21768 21305 45134 61902 8915 5620 51190 40183 40728 42521 97654 734 10335
39 10
83488 75554 40361 70955 51883 81581 52877 6160 80241 42324
40 18
74784 80961 54496 54819 55044 36966 2214 71595 18317 96238 48977 67314 72243 2068 56150 10041 35481 32351
41 14
86914 48005 23935 94664 12876 3373 7546 48148 55220 81687 14650 45821 96798 98655
42 15
5504 89954 10211 83940 75269 37126 72038 75467 64401 8725 93173 4919 29654 65467 27005
43 14
54371 12029 5579 17070 76079 85041 1300 34357 28951 40922 84667 39292 80189 84351
44 10
70619 5774 47089 42450 55186 42293 41077 68663 44184 99995
45 19
26758 20500 48669 54179 93604 58149 85937 21814 5047 4932 75469 64975 10583 48991 57568 70497 98282 74095 98809
46 12
70560 86148 60840 1130 96398 10254 32725 74102 17495 91066 2364 49565
47 14
75264 98468 73541 40678 13417 31594 56843 13740 88949 82166 27863 20888 2269 37406
48 13
18532 35013 97064 20457 25194 67080 54540 22992 36919 23765 83383 58936 60186
49 16
11201 88738 54114 35301 85191 50600 91945 99402 88974 3282 26899 70836 40180 81299 26234 79071
50 13
68416 61638 84778 17550 10110 29395 18611 39797 42774 16855 75002 25630 41246
51 15
29380 94821 84968 45737 80425 24139 41132 86536 44207 1232 21756 46326 30233 7612 56863
52 19
79233 58885 81158 97294 79254 78912 47297 82886 58568 36808 83658 97618 99295 66143 69736 18026 81132 27381 42359
53 11
67042 1061 60488 45897 61098 2478 42293 70968 56156 27198 19871
54 16
13920 1443 42403 81349 97254 25896 52778 16396 50638 66803 24468 84312 30585 72890 49211 67037
55 20
79878 49673 95128 88101 54182 86566 44334 2612 68662 30150 462 13647 30930 26334 34149 52714 37240 88825 12794 2172
56 15
44576 10723 41258 73709 84270 28047 41616 80656 5487 38063 50165 98966 1975 73146 23611
57 15
65665 51330 15748 14344 64713 8238 61102 86607 4593 45617 73651 8335 38013 94422 28989
58 15
92131 76612 82981 94469 26116 17962 4043 45516 86222 73007 38991 20337 54095 29746 44540
59 11
31296 25403 31042 93898 11293 92948 26167 31352 87610 50747 67259
60 18
70657 52034 82467 49316 59363 40806 28871 83752 94087 56812 48671 46319 5746 17013 5240 69273 72477 8637
61 16
26401 22628 26630 99911 17897 91434 91850 30734 270 10448 81777 74641 38128 83635 4280 78493
62 13
65506 34883 25446 88391 33960 50224 55153 38034 50167 24209 32276 74295 19676
63 17
55968 57221 34920 33416 92940 25965 28879 63248 25008 16242 21716 77140 30165 23223 45240 93113 88126
64 12
24964 11463 63368 67599 60687 71728 49651 13012 25621 96345 60409 76638
65 14
57220 21926 59303 53992 57130 38890 24590 38511 18896 4722 90454 36630 44760 17981
66 15
72416 77667 56934 11335 49758 55593 61868 13197 22348 26607 83824 69045 54391 70205 15998
67 20
29957 80138 10379 43532 78606 17819 66461 97315 70823 23088 53171 13875 56251 3776 38474 19160 96609 8420 97380 43389
68 13
31459 85163 57548 62543 35280 94481 5298 10197 8566 66584 73468 79229 33438
69 13
11810 52387 86023 61912 84681 51531 65739 61389 5808 92147 24952 68154 35067
70 10
31812 83527 9993 76432 26928 6291 23731 64567 71576 29436
71 11
62816 74881 70663 48167 6349 85486 40430 75600 39726 75318 65594
72 19
52737 4102 91784 4881 60433 63639 86298 11162 54942 17698 12452 78903 91093 59615 89314 16099 38635 46450 48253
73 11
61346 22148 69928 20938 30379 76043 92750 82289 78262 88601 79103
74 13
56128 47298 99556 52742 36552 65769 17935 67280 20945 34196 42042 11804 1629
75 12
90752 45665 43652 72551 43815 28878 19632 80304 92243 65236 28823 22522
76 17
19617 1634 81635 54818 36898 7302 67143 99304 42055 98446 46769 91509 77142 95928 21821 71229 66622
77 16
94272 79616 3940 95141 11143 26220 65743 96432 56177 45201 11920 69743 81909 44790 70261 73982
78 15
54051 17734 43271 20552 5862 51814 7306 53839 25169 53971 74517 25401 12249 14333 6719
79 13
17409 20294 40712 68010 5547 92238 9743 15601 81522 95827 34003 75224 3069
80 17
81956 94117 22662 96007 46439 92650 37356 13772 80494 37071 17457 5458 95825 46553 67483 96285 12030
81 12
50496 84897 44840 50891 31915 13133 10508 40496 83633 62136 46586 36541
82 18
75523 19844 5893 14052 13415 21704 80234 63147 99404 22224 35441 29937 58931 31572 48886 48471 7065 56986
83 15
65409 80483 96069 17989 43912 41578 73003 83179 68141 85294 31628 13463 20825 72666 28287
84 14
37440 90880 71298 58794 18411 18348 90543 82737 45810 90842 41018 33692 82077 37438
85 16
59997 19037 89512 53643 64587 94608 70641 88729 92115 77360 31742 15863 6616 86169 53981 83166
86 20
40976 7957 43935 62883 10795 96175 3767 85049 41539 36423 7112 99786 62817 42084 92133 49254 25588 47605 16121 72443
87 17
71808 25699 85988 78681 2467 44709 5534 50480 27257 98047 41079 21592 57561 50554 34907 28830 98751
88 20
16004 26920 28074 8235 2478 85299 9925 64710 95943 87879 16584 96717 30039 42841 71517 92257 15842 13921 83687 83567
89 20
66447 72340 18455 75415 44708 93351 19252 98228 32438 88628 43448 74429 39105 5836 29904 28626 70486 19047 72941 82939
90 18
95653 1478 23367 65404 40872 47964 20587 37417 95721 83735 37135 84496 9142 72951 30424 64411 74876 52541
91 12
88836 65828 70086 4615 23080 71046 55882 94831 38927 45233 62289 64959
92 10
20672 73669 33545 57354 9131 37274 87154 42710 76538 23932
93 13
4096 27779 75812 84902 66888 35757 75406 96941 28596 15573 65081 99230 24351
94 10
55136 87974 63335 25513 50346 10541 49421 20853 30997 77339
95 16
33411 82406 13609 8874 28427 56045 18287 39472 50831 12691 19764 58970 40182 7894 73754 60413
96 10
89929 17801 23281 18674 98580 47636 75670 64405 28444 70781
97 17
38272 89792 43486 68520 2920 23593 58859 47920 82800 51506 7252 245 27478 66523 99357 51358 17919
98 19
4622 70163 72853 6296 73377 63141 64688 3001 12862 6464 26827 42700 46925 13143 74203 55650 13795 96616 91507
99 19
3713 44803 95493 81800 86942 50722 26285 29369 25149 82110 89918 72002 67664 26327 18402 3811 13297 60018 31486
100 12
29372 32900 20998 97288 74537 36106 71020 31311 67697 25238 67960 73596
101 16
40385 58595 43781 78088 18985 69032 25582 77210 34930 70616 32249 95514 73147 54173 20446 16959
102 16
53312 35456 53568 52354 19046 14504 8585 98603 99980 85069 11885 19152 98585 79514 35003 7711
103 10
45409 69443 5350 37898 97035 46225 76913 71029 3032 46425
104 18
99872 44000 40195 10565 29800 91304 25130 1385 4844 25835 465 8094 57272 22166 8280 71482 34586 33150
105 16
45152 48768 24002 68037 64936 26600 52938 78249 10607 95504 86995 44148 55294 51447 88984 94910
106 15
48513 6056 59881 30504 23403 55820 69932 41833 58193 27316 91734 20920 13369 35643 3165
107 14
321 2626 11429 11806 13672 33607 18315 48205 50847 82899 61850 92509 79550 52031
108 12
41571 32057 69831 56137 40746 8220 40430 14480 78709 8632 24025 78876
109 17
6688 10753 31234 44771 78690 14563 1127 99720 96201 83469 36814 80047 28527 36017 6005 53431 73208
110 14
58432 60416 56354 12100 89159 58343 18543 34514 88693 55957 58455 73627 7453 18974
111 14
20320 55457 45472 79430 38153 70445 78382 40466 61427 15253 1559 8792 1692 97759
112 14
52160 57312 41284 17832 63369 11114 41452 72141 44301 70867 77268 80378 91132 80573
113 15
44803 2276 16236 90830 35056 77780 42133 54612 8503 68216 49465 30326 9627 75868 93279
114 19
90368 98444 74510 88592 83346 54042 55582 14111 32683 50222 8251 14525 92495 95957 7639 59624 29038 88823 41848
115 10
15264 5443 60419 55235 76397 96238 99249 58775 50746 44635
116 12
73207 17924 35172 44003 36649 20463 17844 1333 90934 90103 87578 39838
117 12
67040 5922 1511 25033 650 77801 60073 77041 47988 70006 77334 84600
118 12
68736 11010 64898 30661 35787 38829 37300 25685 10454 53367 12280 82617
119 10
86752 72291 91459 76328 91944 14639 54033 88914 59319 40858
120 13
87492 49381 27146 12429 86511 65040 49199 66258 75472 91445 75512 75355 56191
121 13
43329 33377 55971 7974 49864 51179 19182 94287 82704 70547 74932 11099 10942
122 10
70053 22078 13385 98090 89613 47800 78834 37843 12344 55902
123 17
56091 50208 20738 93122 7972 28135 52104 18185 36267 10348 72176 18576 67345 22966 15639 41563 58430
124 20
73992 15639 19998 15396 61355 24621 59965 95809 72008 14797 90452 85089 1761 50535 42217 14060 27245 24050 98554 22781
125 19
24320 5506 36357 656 13083 17310 98081 11431 52647 35507 38475 42699 27867 61022 11494 25834 24555 45043 33912
126 13
80097 80486 82184 66217 60367 52847 81361 28788 60661 25398 89595 26235 78172
127 17
58210 20962 59620 77830 94790 38728 61255 53975 18764 36716 57584 39249 38323 10965 11703 9848 18172
128 20
91524 3846 5254 70280 23700 39851 76845 52782 37425 25020 64844 80845 75475 61270 24791 12263 97901 65396 1909 59641
129 20
46338 79097 64007 3088 72361 60713 57394 37171 33848 80185 25020 21181 41535 6860 36695 99552 354 38127 72054 1657
130 11
83421 74051 18406 15660 78772 52276 78198 87349 23705 92828 67453
131 17
72352 6272 93985 24483 34978 10950 28985 39690 72683 79822 71666 34517 46392 76953 10523 56828 85533
132 16
29668 56677 92123 18120 45033 18058 56716 48109 10227 74613 79832 93114 28635 92316 31805 92607
133 18
49987 33861 87782 10438 84646 21351 12199 86155 12428 7565 82122 74057 33453 78260 45686 91673 80314 55070
134 17
61847 95907 88870 5737 16075 41101 47729 47633 19313 403 24980 45846 64887 28793 74298 9886 67647
135 11
54535 3207 5639 92939 60779 30895 10386 35987 62166 59512 29083
136 20
44802 77442 91654 43787 96918 58009 56992 82340 30890 98607 89139 26421 59705 13761 62274 13762 71630 59229 40032 80739
137 10
98244 98310 57414 45131 5902 32272 49521 34194 4851 50676
138 17
19494 19752 59784 71658 38349 32701 90963 26228 82677 9876 46999 89877 3257 89306 17819 1245 96122
139 15
78308 59816 4072 12298 87626 7340 29872 4884 34165 35989 56343 2234 59516 54397 46684
140 15
38144 49928 69001 15021 52046 38510 52687 81907 2293 89909 48853 10582 63228 70493 81310
141 10
21027 52135 37098 27534 1616 84401 33554 42032 11061 61373
142 10
25320 72905 44876 29870 70926 69776 23765 41397 52504 27708
143 13
60993 2562 83523 52677 13638 5193 77545 49036 66255 66161 39825 279 12602
144 19
44290 82951 74125 90129 51871 74147 431 5168 66224 48185 81337 17601 22337 92868 19783 36936 68050 98171 82815
145 13
17792 10017 2947 91336 42861 11501 28599 83509 17911 8761 34266 43739 18171
146 20
14602 90250 99600 59664 78738 49939 88980 59044 93095 73002 32433 98354 92092 31293 25537 75714 32080 74324 73303 55777
147 19
55169 35845 37898 22178 19749 53926 68662 88118 63425 25669 94927 73296 77014 14550 10586 85475 37483 37740 52718
148 20
54912 74244 1799 80395 87691 27152 58781 48041 78251 73136 20919 95553 31811 36932 19015 29002 39506 24662 62178 38119
149 16
70882 91683 59973 165 33639 21703 72293 98219 37295 95315 4532 99669 13717 18366 92056 23806
150 15
16000 96450 4579 63625 47914 17962 33273 93103 16788 57972 48953 96729 7834 78811 81884
151 19
88713 45838 90385 71319 51485 79395 8997 80806 51752 38722 96716 71380 77181 7135 32877 4080 65393 52988 3581
152 15
45217 43075 19748 2597 7397 99881 97066 53098 42955 79562 52014 20883 94552 54813 6495
153 10
52612 87655 52957 14383 16176 85745 79354 47900 12029 20927
154 14
60864 42915 70841 92325 79976 63052 53038 5007 67699 81495 85080 21049 61596 75769
155 15
86273 95233 56899 41601 9061 77765 65765 23530 35375 401 74994 40826 93499 20637 78110
156 11
54977 1251 46885 36043 42859 65197 47307 15885 73296 20438 13469
157 10
28513 37367 38214 76461 78510 54832 54386 50132 82967 93822
158 20
29961 76297 41869 18840 40091 80158 18337 46500 56358 54957 51773 37704 93386 40916 9689 59994 7136 74345 24685 59124
159 17
41696 1475 74531 42404 33318 17575 38822 95085 2286 5647 34480 75567 28313 75694 17971 69649 77305
160 16
11618 95331 90695 51145 3242 41226 8044 25390 18127 27664 71889 91727 12217 77017 97339 48510
161 14
81376 49448 46570 45963 45419 58092 79211 51466 96465 94943 98195 45777 7448 47263
162 20
36736 82818 68616 63503 89108 63258 80156 3232 5420 20399 57419 21451 53455 25561 57452 77681 12791 71675 57980 79103
163 11
27393 49186 99041 4420 16713 10060 36018 56471 66424 43547 18620
164 20
45825 57605 2822 2451 50070 72856 55460 53669 72740 78121 34476 26042 42814 705 26313 16202 2908 17900 3057 62079
165 19
78600 51720 29967 77458 56855 91426 81958 77356 82111 6338 78531 28355 70232 88798 37089 76135 71402 57068 33518
166 14
96961 99042 48163 56389 8073 87242 45485 13328 89617 41074 91924 40694 94813 80126
167 19
81155 57990 3846 35985 15259 18981 72109 53815 80055 28225 60871 456 19274 36303 9431 62572 91886 82163 45177
168 13
58465 14881 70949 92582 28552 52171 36460 29298 45973 63287 83448 2077 20639
169 16
64322 41858 79875 83015 25353 69006 98095 34351 82712 24116 11989 6516 89528 80122 88125 16510
170 14
258 83588 51364 66916 91849 22060 86734 31028 74964 41142 80726 38329 24541 57246
171 18
96480 33601 83172 52473 76712 93834 43211 19756 14190 1041 6770 77844 46997 25686 98551 96439 28062 8249
172 10
30433 40484 27524 94827 9363 59860 78037 42999 31032 70045
173 15
58050 9252 56740 94245 33992 55434 39340 10732 29838 27094 38423 61914 17147 42684 26205
174 16
57313 17473 48836 12827 2601 54250 3230 87113 22431 49199 41936 18357 56952 7451 93915 69983
175 14
11424 91584 62114 4931 99140 75429 95975 87982 36466 30966 91350 77880 99355 74652
176 13
10945 85538 73924 16357 517 13606 16998 71113 19115 2223 28722 52991 80255
177 18
68856 58466 38787 41033 79625 45612 86060 32108 35086 63728 722 56212 58838 24856 74013 859 95196 56541
178 14
15008 35873 48325 24744 67149 52494 30541 15696 20627 95541 68949 22363 37052 7805
179 13
21760 47874 58435 90244 26311 83024 2129 34322 19539 19312 61334 98043 72636
180 20
53633 56086 97815 57753 3243 87213 84541 35394 98128 54866 72660 65750 71005 862 75870 31588 79716 52970 22770 20863
181 12
704 33637 97164 45774 72058 50000 66738 9526 8538 73019 94684 88702
182 13
49280 23714 59234 43591 39468 52557 84912 60370 35894 32343 48312 68537 98462
183 17
13504 83777 24770 49796 11397 58566 95173 12614 21933 69806 88463 65872 22382 43021 11152 57239 16414
184 19
71043 33542 56326 30330 69535 40236 19888 31799 66491 80850 29786 41179 64993 33259 34924 87278 21874 33146 98043
185 20
59268 18316 22544 25879 1563 68514 23847 31531 92716 34603 23743 42303 66884 8393 23886 54999 8286 51679 20578 1773
186 16
59043 38500 94298 9510 8967 23306 71948 20557 88442 35534 21969 62546 58615 9144 85818 95871
187 12
16673 20996 89318 1131 14574 90225 65305 2104 83417 71418 37435 8958
188 14
77152 47202 84003 85832 85481 79917 82222 89969 44499 20310 6047 98908 81597 84319
189 20
50049 97539 67725 46361 83098 75804 88865 97186 59556 81063 82215 558 19259 66236 71241 19050 86126 93551 25200 35951
190 16
13152 385 38946 79368 47240 92682 22827 31629 72815 40913 74195 47540 467 43926 8471 892
191 12
51104 9025 20994 18918 29405 96170 68432 13430 6969 81370 90844 65917
192 19
31362 96130 92427 90510 19879 43949 98221 50754 53954 842 8270 3792 13411 76387 35813 12389 75505 62194 82040
193 16
62625 82723 1573 9885 33768 39433 24075 33772 5101 52786 14292 23224 15259 96349 77694 98527
194 16
43425 34945 25795 64388 9573 12702 66598 74088 87105 49854 86222 70160 28497 82197 30774 89950
195 16
78402 20739 78693 40808 78761 14697 69838 17296 36881 43280 12114 53204 73457 27035 78174 60511
196 10
83139 66180 49095 5115 90527 13141 21560 33435 22238 89215
