35
0 344
28683 4113 96284 55326 10284 73775 30769 22580 94267 43074 77895 22599 61524 49247 41060 96360 41071 4213 12421 28809 67732 43162 8351 71844 71846 4290 75985 86227 73947 92380 80092 86242 4328 92397 80118 37116 18709 4374 39198 80160 43297 71970 24867 35107 45358 59703 80191 65856 86342 41289 98633 82252 31074 53602 29026 96613 45410 2407 41328 4476 35197 386 49538 76166 24972 86413 20886 8602 76197 98726 65959 14769 6580 18877 2500 6600 53706 12749 96727 80354 8674 74214 37367 35319 41469 45572 51722 78361 33315 92730 39492 39496 29259 64075 593 25170 55913 86636 45680 35444 4731 96897 74370 60041 43658 45717 84637 90797 53941 693 35512 37567 39635 47842 8930 70371 2797 31470 70381 94965 80636 11006 11007 80650 25355 2846 92963 6970 6973 19265 9027 2885 39752 35661 52050 84835 9069 2926 82801 88953 52090 50047 86920 31633 93078 74650 7072 23462 19369 29628 56271 84948 29655 986 56286 27615 62436 25592 3066 48125 84991 27656 72715 7180 80909 37903 74784 37925 39973 72752 37940 31819 62548 25685 7292 40061 44167 50317 42126 35983 64658 1177 21671 46257 64691 38069 79038 5325 91345 27863 52440 97495 50394 9441 74985 17643 99567 3313 52465 42234 93442 32003 54534 66827 58636 3342 27933 97566 87332 38182 38183 99630 7481 83261 99650 95567 85336 50523 42332 27998 52583 54633 81264 23922 44402 83315 9591 85368 54664 7563 15755 62860 23954 89497 50592 75179 79283 50618 69055 50625 42434 73153 79315 13782 71126 17880 5610 26092 32237 46583 91648 89603 40455 89610 32267 62989 60944 81433 54810 34352 60979 5683 30262 42557 17983 34373 44616 58955 38494 32366 93817 63100 9857 36490 11917 13975 56984 28322 18088 52906 48814 50872 65211 75458 1734 30407 83655 34505 89805 71381 91865 42729 34541 63214 22260 59126 73467 30475 93968 14100 38677 87833 63263 65316 36651 34608 85809 42800 48946 89917 8024 77669 44902 85867 3951 83832 83834 10108 81797 67463 59278 20380 30623 26528 85925 71589 77738 1970 67516 28604 18369 77763 47044 85964 6093 71630 20438 85982 38880 40929 67555 12261 22510 12286
1 191
78336 76801 34306 87553 64513 88578 2566 78346 25098 68109 38415 58385 73235 9748 71704 78361 98332 42013 76828 49183 89128 60459 28205 13872 42548 20534 99897 74301 69181 15423 87615 15937 10824 5193 6741 23640 35533 3674 85084 9310 57438 50272 43618 1635 39012 55396 70767 75376 99953 21107 1143 63095 23162 13436 34941 92801 75393 60042 48266 45196 57996 19598 16012 76944 61581 55946 83091 26773 99992 75417 88218 23195 69784 73374 45215 93856 16545 37538 1185 33956 65190 51880 16552 42666 52395 13998 72367 93871 13488 68786 56500 87732 92344 30904 57528 31419 79553 37057 59588 23237 87749 73416 24778 42699 91338 30413 35534 52943 65744 32973 78034 66257 10452 15573 9941 52947 15067 91868 80092 68319 61664 56547 86247 6889 62700 10478 78575 63727 22257 7408 60662 30457 22777 48890 31484 99581 38140 35066 49920 75524 16133 10503 76552 22281 50954 87307 84236 74509 61705 19217 83730 16145 10004 42773 86292 67861 85784 45850 90396 69916 57632 41761 13602 3875 49449 62250 71981 52013 12086 90423 18233 73021 54078 832 7488 59712 23877 98117 86855 27469 90446 19789 73040 53069 58707 79187 75605 27478 19284 38232 42330
2 42
75008 28678 80013 15378 57618 29076 14231 46105 32282 61729 18725 18731 40238 56751 28336 33458 7988 64189 4797 20417 22850 94531 59076 37448 15822 94927 94929 92753 9816 31577 63065 25309 990 47713 20070 4967 3694 81648 73076 91892 21110 80121
3 180
6144 18435 90117 96265 8204 63505 18 73747 6161 12313 65561 71705 61472 40994 14371 2084 38949 96300 94255 18480 63540 26676 2102 86070 43065 38970 53309 90174 62 71748 8265 94287 34896 32854 71767 84059 71772 69625 12388 26724 57446 6250 61546 4202 61549 77931 16497 43125 18552 10361 59514 53372 67709 81436 22656 71812 57479 82055 49288 49293 77965 20623 86163 2196 73880 10392 49306 53403 4251 6301 88223 86178 39075 12452 4266 67755 69807 71859 82100 32947 30900 2231 43199 32960 73920 22721 18629 47313 94417 43225 32986 24795 16606 53471 37087 98528 71907 2276 67813 45287 43243 53488 10490 65786 18682 2309 26887 26890 55564 269 43285 84246 88343 41239 24861 33054 74013 63776 78112 22823 96556 31023 59696 86324 92469 43324 28988 10564 80199 329 39245 45390 86353 90450 8531 86356 55638 59735 24918 39257 26969 12640 47458 63843 16739 354 6501 98663 90472 35175 69997 26990 14703 84335 65902 10611 45428 8566 20859 63869 90494 35200 92548 96644 63881 24970 27020 6541 22926 94607 12684 76182 94620 63901 29095 12713 10670 90542 29102 57777
4 179
47113 63498 16396 96272 71697 24594 22547 28697 47131 10270 86047 63520 94240 2085 28713 61491 63539 94261 51254 47161 8254 34882 59459 71750 16458 6229 53339 32860 16477 2145 69730 28776 96362 96363 51306 41072 45170 20595 39031 34942 88191 55431 16522 71819 10378 20618 6287 49297 57493 32918 63638 26777 69785 37021 26783 53407 12453 49318 10408 16553 43178 69803 32941 41135 51379 47285 45238 88247 84159 92353 26820 35017 49355 205 80081 53459 45270 90332 76008 12520 57580 4337 45298 55540 53493 67829 88317 59646 67840 18695 33038 49423 35093 57622 80154 59679 61727 43301 57641 59690 26934 43319 35131 12604 14653 78140 6463 39235 67907 10566 37191 55623 72009 8524 67925 61781 39255 6490 47456 67940 49509 39271 61799 16747 92524 45420 47477 6519 51579 14716 20865 18817 63873 39300 20872 14729 29066 72072 35212 84368 4502 10649 51612 2463 27040 51620 29095 92585 53674 74155 88494 4527 65969 39350 6582 29119 12738 59842 16836 63942 84425 14794 66001 76242 55764 53720 96735 12769 10722 49635 76258 72166 2537 492 70126 18929 500 39412 35316
5 169
34822 67591 16402 53266 38932 67607 18456 71722 24642 59460 98381 24656 22609 65616 45137 18518 88 82033 2166 8312 73849 14462 28799 43136 63618 98439 28813 151 77979 65696 45218 22692 53413 65707 8369 12468 10424 22712 35008 49347 8401 75990 45273 63711 90347 47340 47342 22767 80112 90361 30969 8447 65792 61703 51475 86299 24862 67882 22830 65842 12594 37178 96579 61769 24906 51534 37217 10598 92518 2411 4464 43383 98692 2438 78215 12689 55703 49572 27049 43433 98733 55727 74167 41400 49597 45504 27074 20933 84422 57797 4561 88535 12773 53750 88568 98808 507 2569 4617 37393 21011 35349 4634 66082 61989 16934 12854 92727 84540 6722 66117 45639 14937 76378 8797 31331 47716 35436 17005 6764 21103 23148 88690 45691 21122 41604 33414 49802 49807 10897 90770 12970 78509 41650 84668 82621 53964 4830 58082 53989 58087 41704 13035 99056 66295 37624 29451 51981 4878 2830 13072 2840 76572 15140 2861 43825 60212 54070 56118 37686 19263 88902 29524 15191 15209 84843 47986 54132 97144
6 161
36865 16390 47116 6156 2065 43025 98325 88097 84007 20519 88117 69694 43083 16459 26704 43095 71772 88161 75874 28775 67688 45165 41072 51312 49272 53373 63615 80000 24706 92291 8325 77960 39054 53392 94357 41114 80035 28836 4267 14510 180 8373 55486 2239 32960 82117 32966 8391 63691 53453 61652 12503 39131 37087 94432 8417 49378 75999 39140 39137 43242 45301 4349 63749 57607 63751 76043 22797 51470 80141 71954 6421 94486 33047 57624 6425 24858 20763 22808 49436 12574 4384 49441 55588 71983 71987 80184 45372 82237 86332 57664 61761 14664 332 63824 47441 69978 39258 31067 98662 363 76143 12656 92532 16766 78215 74125 14734 96654 88467 24981 63894 33175 8602 39325 82342 41384 47530 61868 72115 86454 51640 51651 70084 53700 55748 80328 33228 31191 2519 10714 98779 63969 14824 70121 16880 45555 39414 43511 55803 66046 43524 53766 98823 41483 51727 49681 41496 12826 546 549 27187 43572 49718 2619 90683 39487 92740 86599 29260 51790
7 158
86538 4625 20 79896 11803 35358 97823 2595 57380 51238 24103 18983 81962 8748 82477 15406 65072 71728 99380 31801 10810 14906 67583 74304 20035 73285 65095 47178 21067 49231 44113 92753 4178 598 4698 47706 43103 3684 88170 22124 7276 70769 83059 38007 48248 26746 80513 78467 21637 82057 80522 23689 88716 41620 84630 4759 71328 52899 83629 34995 53956 55495 70343 70857 96460 98510 89295 90320 44752 96980 69333 8404 96985 89820 77021 70880 67809 23266 30436 98533 80107 6381 14575 73471 26369 61185 79108 91396 29958 68369 92947 72984 56089 31007 47904 57120 18730 74027 95025 819 92979 37174 7992 11578 55610 5948 5438 33086 23873 53571 45381 14661 11081 36173 51537 58708 38237 33118 85854 93536 42857 45419 87916 45936 56691 20852 31097 43898 24954 95101 51594 911 8085 92566 49559 95126 13721 41371 95133 78238 82338 95139 86948 70050 24486 56231 75688 28078 95150 68528 15797 23995 10684 12230 75210 41423 65487 26576
8 150
55297 75778 6147 38916 51206 79878 96264 81926 79884 71694 14355 2073 73755 53275 67613 29 61471 22564 57381 77861 20519 12328 59433 57382 96299 59436 98349 38958 46 12333 67581 32821 51255 28727 24633 53303 84027 14395 43069 57400 84025 28736 77888 49220 41030 12360 20552 51276 24654 94286 65614 22612 10326 69720 12377 2141 77929 94313 69739 92271 86127 26738 16499 43127 92280 55421 79998 10370 16515 80011 10381 71821 75917 63636 71831 14488 49305 94362 84122 51361 32932 32933 69799 14503 88237 80050 51380 14518 69814 78009 96445 61631 53440 22723 39110 94408 96462 90321 32977 28883 39123 39124 6359 219 39131 8413 96479 49375 35040 88290 65763 51427 16610 49387 8428 67821 96495 96500 80118 12534 45306 12540 92412 59644 4352 49411 55557 43269 8455 61702 18697 28937 43275 55564 67853 43276 35081 59659 98578 59667 67861 74005 57625 96538 39194 80156 8478 94495 86307 90404
9 121
27652 48135 37384 16908 11281 98835 34328 56859 84516 52267 61494 22072 73792 20547 72772 5702 2637 85594 43622 70758 87159 85627 60031 1156 51333 87693 56462 61072 62101 51351 94359 63129 26265 19615 27808 73889 92324 94373 61098 96945 91316 48318 30912 93890 37575 82632 14030 64720 41680 37591 34007 15585 34020 87781 21228 36079 79091 82165 93949 49918 21253 774 75525 18195 97043 29982 56608 34593 36130 10018 43302 27951 11567 48946 18740 2360 72000 59200 57664 89933 86349 75089 74078 87391 85344 97122 49508 13669 23910 75633 94579 15223 21884 26493 67454 14719 39295 23941 2951 35210 53130 79768 64922 60314 63906 60835 15266 71596 55213 28593 85938 440 31675 24507 54739 33749 57306 77792 80867 77799 85995
10 276
63490 65552 81938 67606 24603 83997 63520 55333 22566 59430 36905 30765 45 69682 10292 79926 88118 22591 34881 22599 12367 22616 82013 2141 77920 77921 6244 26732 73838 96370 2163 49270 59516 14460 34944 24704 6276 12427 45196 86156 30867 86165 32917 34966 20633 77984 4257 67746 30884 65704 168 61610 45226 41132 34993 84146 45235 69813 14521 78016 59587 45269 49365 22742 22745 61662 4319 88287 18657 10464 43237 94438 90343 53479 90346 8427 30956 2296 28921 28920 73988 86277 82184 30987 84242 61714 86294 59671 12571 4383 33057 16674 61731 33061 43302 295 18732 31021 51502 55600 39219 49460 74036 59708 37181 16703 69956 49479 80202 55627 84300 84298 2386 22871 88411 84316 57697 86370 86369 31076 31081 51570 8567 6520 12665 43383 82299 88451 18819 74115 74119 4487 59787 94605 39311 18833 12693 39327 35242 2479 86457 78267 37307 59840 55751 47565 12760 96730 23003 45531 45541 41449 53740 23021 27121 68089 76284 53758 2560 4615 59914 47629 55825 39445 47643 25116 72225 74277 78374 27181 10798 47663 66099 14911 62015 29249 578 39491 576 37446 10828 80465 14936 21083 35421 47710 88671 66147 6760 8809 96873 25194 37485 17005 49775 62063 43635 29300 31350 62076 57983 4741 17038 76430 31377 68241 37524 15000 12953 68252 70303 96930 43686 60074 25262 4788 15043 29379 84675 35527 725 66271 74469 82662 70381 47856 10997 76535 90872 72441 78594 78602 41741 80657 8978 4885 76568 11034 37659 60188 35616 2852 6953 4906 74541 2863 17202 15159 31546 64318 78656 13134 90969 54106 82781 86880 2912 27499 58220 70509 56173 86896 50032 95090 25459 17268 9087 15233 82823 31629 62351 64399 15251 97172 41883 45988
11 133
43010 57350 10249 43021 38925 88079 16398 73750 71703 28707 32804 69669 53287 4135 77866 26667 67636 94270 8256 73792 22592 84035 53316 24645 32842 4170 81996 73811 6229 22614 71772 61533 57442 45172 26742 2175 32896 71817 32908 14483 53399 152 88218 28829 14494 47263 73890 98467 80034 59558 20648 34984 34986 90291 57529 14525 41150 37062 53447 14538 24778 65742 65746 71891 8405 24790 75993 94426 53468 28896 32993 18659 47340 73965 80110 20716 55545 45305 55550 67840 4360 98571 61711 82202 84251 10528 96556 74029 22832 57651 57652 80182 92479 14658 16709 55622 28999 49484 94540 12622 4431 67921 18772 45399 63831 96608 37221 59752 47469 367 12660 67957 29045 98677 37238 51583 4479 8577 72077 41361 16787 4500 45461 33175 98711 39321 2457 31130 10652 55716 76203 20920 68026
12 124
28672 14339 61455 59422 65567 10274 45091 8238 53 34877 20543 4160 12352 71746 18501 86086 36935 92235 39015 22637 12401 88178 98421 59516 10368 47234 34953 49299 84128 86185 82094 94384 24754 80052 22712 16569 49340 10428 43202 28876 18645 55510 67804 18652 80094 14563 98532 76008 28904 90346 55531 96492 57586 86258 43257 96508 45311 30975 22790 22798 41231 18702 90385 37143 80151 39194 59674 2348 45358 26929 26934 74040 57660 49468 59710 78145 4418 51522 12610 82252 22861 57700 12647 59751 12653 49524 63863 65911 65915 70011 47496 51593 92561 31125 409 57757 84383 14333 84403 20919 31161 59838 74175 35270 35272 94665 92619 70102 6615 4567 66009 14812 88541 86494 41439 66018 18915 2530 18916 96743 57836 35309 33262 27129
13 2
35977 27540
14 232
22530 59399 61447 71690 77838 81937 61459 96277 94230 8215 32790 18462 83999 51240 71722 84013 73774 4142 24625 81969 75829 59446 59449 57403 28734 59455 41030 18503 73800 75851 67660 55382 30811 92255 6240 6243 51300 75879 71783 84072 71786 6251 98414 65654 16504 63614 82049 92289 8324 98437 36998 73861 92294 77961 16522 47240 28804 63629 61589 12438 39065 57497 65691 80029 41117 6305 98466 49314 10407 59559 6314 75947 49327 47280 6141 16560 28851 16565 28856 61624 84153 65720 98495 59584 84165 94416 96464 32976 14548 84182 65751 78039 94424 88282 26848 49379 51429 12517 43241 26865 6390 88311 88312 12538 53499 18687 57606 59655 28938 16653 30992 41233 10516 26901 28950 47387 14620 69919 16672 90399 82209 55587 47396 8487 51502 26927 18737 2353 92468 82230 2363 80194 69955 14664 90441 29009 31059 39252 6486 67927 33114 86364 47453 43360 65889 55655 78184 43370 10605 82290 70004 20852 18808 84351 72065 94599 94606 20885 53654 80282 33180 78237 37280 24992 24996 16805 49576 18857 10666 57773 80308 29110 59831 33210 84411 55740 76221 31162 20927 84416 18881 4548 25029 74182 12744 16841 41422 16849 78297 18909 4574 74208 37346 63971 37348 33254 14822 86504 6630 31206 29167 16881 37362 4596 76281 80380 51709 55805 45568 86532 10758 82445 37390 14861 61966 61970 88598 43543 33305 72217 84507 57884 61989 66087 47660 12848 70194 94770 86582 80442 2625 84553
15 52
10501 21254 72969 17290 62347 99087 60303 38930 89491 17303 96024 70169 26268 72094 44833 26406 21800 75048 57642 98349 62894 53039 71984 52785 95922 94771 80815 4021 9016 90172 12479 11840 64708 23109 2377 18515 5588 23511 14554 79324 74080 87654 66024 37098 76142 26991 41329 93042 73713 65137 60533 13566
16 103
57344 24576 53250 4099 40967 38921 40974 86053 61478 24614 67627 43053 2093 71735 63548 41023 28739 49223 43083 32848 79960 53337 41057 61542 55402 47217 59506 69747 22648 82052 65674 92309 92314 84127 88226 53416 47273 28842 47277 78008 45244 63681 96452 26822 10440 16585 78026 90318 45264 41174 39134 39138 24811 82156 55537 22770 22779 14588 20732 41211 259 14603 73996 45330 43283 31001 80155 35104 47404 22831 31024 35120 84274 96571 33086 10561 31042 10565 98635 33101 92494 6486 65878 41307 6495 51583 10628 57733 47493 59780 16781 59790 80277 74136 10650 59816 22955 33196 74163 39349 94648 76218 442
17 194
93184 82436 13322 21007 40977 31762 77331 81937 43542 30239 56353 23586 87073 24612 46116 30762 84011 86571 47149 88110 21039 48175 1075 73268 68150 13368 66108 2110 7743 38975 28225 23106 22596 64074 69707 4170 53834 54346 72784 16466 74835 41044 34900 48214 35411 97369 602 88155 18524 87135 90720 13409 28770 34915 24675 1640 21609 18025 79981 39537 36466 95859 93812 64630 78454 73846 45690 32380 17022 64638 17536 68736 68226 3716 20101 99972 25223 21641 1676 51340 20111 92816 48275 24724 24725 78488 69785 8856 23708 74398 34977 40099 14500 99491 79528 44202 35503 89776 69295 40628 54453 61109 51895 66744 1208 19125 49851 7356 82622 90822 61126 19144 45257 53958 57031 200 72401 69844 43222 51414 8923 31964 10466 60643 63203 29925 32998 33511 42214 96489 60650 44267 26856 69861 86766 43758 87792 13041 8434 58614 44791 40695 45815 94971 64259 78596 37637 92422 80649 35595 21772 36109 49423 83220 9494 77078 25367 33046 21272 63255 56608 87846 63271 91946 7985 86323 69430 68406 84283 6462 43839 73534 58179 2883 40771 838 40780 69965 11596 45392 95571 62295 28504 48986 41308 1375 59233 80226 86889 99689 15212 4974 72047 48497
18 174
47104 47118 57361 47122 65553 86040 4121 6173 94239 94241 69670 45096 2089 49194 84011 61492 90165 41023 55367 98376 16457 24651 55372 59480 96346 73823 73824 98401 34915 75875 36969 69748 80001 57474 12435 45206 98455 20633 10395 43167 90274 45220 22694 16557 73905 4284 94403 39108 202 71886 73935 94420 37081 41179 47325 8418 61666 12516 22756 90365 2302 76033 86279 71946 12564 63765 63764 16663 90390 45342 55591 10540 47406 31028 94521 4409 14660 72008 37195 67920 26961 39250 4437 10582 92503 51556 65893 31077 72043 33141 10619 6527 43401 78218 35212 41358 57756 49572 92580 25000 22954 10678 29113 94650 31165 57790 31166 72128 20930 451 82373 63944 49609 31182 63952 29138 20947 86487 6616 68058 16862 25056 33253 90604 96762 84476 57852 57864 47626 10774 96793 51739 16924 31268 47653 10791 76327 33325 8752 94775 84545 80455 16975 47697 49746 84571 12893 25183 47721 14954 6762 96879 78466 96900 21127 94857 37514 658 8859 37535 15015 23208 27307 29362 49846 47808 39624 88777 68306 64212 82652 99039 72418 58089
19 80
45069 16402 81951 10273 98338 75810 16420 14373 26662 10274 61483 16434 94263 47161 24634 8254 45120 26691 96330 49230 65615 88145 16465 32850 82004 6229 69719 63581 79969 24677 79983 69744 14448 86131 47221 28791 61565 61567 45186 22659 63618 86149 43142 88204 67725 10399 51362 20654 47286 30904 55481 8381 92349 14527 37056 82112 20669 18631 16584 20680 80074 63688 22735 24792 2266 219 78049 67810 65761 90345 53488 63729 84210 92408 96505 39167 43264 39170 41220 94481
20 77
34818 61443 65541 7 22538 86029 45073 27 26652 75805 61468 6176 24609 8227 28708 75812 30762 28715 16429 10288 88112 73778 38961 71729 79925 2102 8253 71747 65606 51272 20552 4171 51284 14422 22615 28760 47190 39002 53341 16477 57439 34913 96354 88161 32866 98407 14440 36969 28778 107 26734 111 24686 98417 20594 86130 28787 36982 20602 32891 49280 98434 6275 132 12420 55435 24716 20624 41106 80018 92313 24732 6301 94366 39069 90272 162
21 150
83968 73730 2051 92168 51209 14346 19 10263 51232 59436 16433 69684 26677 6203 38972 59462 73802 12369 6231 59483 6246 57447 26729 49258 4205 18545 26741 4219 63615 16512 4224 86147 88195 30855 12429 30863 77979 16539 34972 53407 96417 8366 20655 94387 84149 186 53451 71886 37073 69847 82144 71908 86249 47341 28916 47350 8447 59652 28934 98571 16658 82196 82199 51480 33049 43296 26914 6435 28965 80169 59691 45357 18742 8512 4416 55621 59720 92489 78154 55635 20824 78169 45406 354 53606 69990 96616 98666 31083 10604 78193 80252 65920 10624 92546 41346 6538 27018 27027 67994 39325 98718 65951 8612 70052 59814 61863 82344 29104 41394 10676 47541 76219 84416 63938 10692 80326 47558 84424 84425 31181 61908 76249 16859 92656 61937 86517 68085 59896 92674 14859 74254 29198 41490 47635 94741 55831 45592 16936 6696 6698 8747 29237 57915 2630 92742 82511 35413 14935 8796
22 65
6148 40966 28678 24587 94220 30753 30760 86057 41008 20530 8244 55348 10297 73804 10324 97 96366 75886 57460 32896 4246 39089 37043 37055 37057 47301 32966 10440 26838 43224 59609 41181 43242 14586 14589 47368 2317 82205 39201 47402 51498 6444 94509 74036 82230 67899 329 45388 65870 86353 35156 47448 4451 360 43371 26994 370 53624 63880 41357 53649 417 8614 10662 424
23 64
8192 38913 73733 32775 6152 69641 36882 61459 67603 4119 71705 36896 84001 94242 20523 14382 88110 18478 79929 96322 69 20552 77896 67659 12369 57431 4185 79967 51297 59494 59499 96364 75885 22638 96367 110 73841 24691 20600 41086 47234 14469 69767 41105 82067 49306 75935 47264 43168 69800 37033 10414 55472 73905 57521 12465 47282 30901 98485 78006 65723 55491 43206 32967
24 108
24577 10246 10247 71689 57363 18454 81944 71717 38950 24613 18472 45099 20526 43056 49 67635 28723 47157 28727 55 86075 34878 10308 55365 90183 55370 2125 57421 59474 22615 18520 14427 67677 71777 63586 16484 65636 36970 14452 34934 51322 63612 69758 28802 133 41098 10379 51340 55437 82062 47251 26771 49299 37013 51351 80028 94365 45214 94370 53413 20645 18599 41128 30891 8366 14510 69807 67760 24755 35002 75962 57530 22717 53438 80061 10438 4299 45259 30928 32976 43220 67797 88276 4312 86234 86235 20700 88282 80094 49372 8416 20707 45283 61671 88298 86252 90350 10479 78064 37104 92402 41204 78069 53496 69883 35067 20733 20734
25 47
96256 90112 49154 79876 51205 12296 83987 90134 22555 65565 8222 10270 47137 20516 59430 41 88113 52 69686 69687 2105 32826 88122 94270 16447 12361 90186 98379 6224 2130 53330 65621 24663 90202 36956 94310 55399 77930 73834 28780 90224 41075 28789 86144 94336 63620 34949
26 38
53761 64515 70661 48654 15374 25617 20 54294 50199 97815 40472 76826 27167 28195 65573 45098 76843 98346 93743 54833 85556 43573 32822 5172 11831 51765 62524 24637 51775 28224 29248 8260 10827 95311 94802 50261 40022 11352
27 74
71680 30727 67592 28681 28688 2064 28690 79892 10265 67611 4123 75807 77855 22560 90147 57382 71722 77867 61488 75826 18486 75837 41023 98370 92227 18505 43089 73810 88154 88155 75866 43105 4193 55397 82030 49274 128 65677 34966 94372 69807 30897 90302 14527 51399 14537 75981 47310 73940 84183 10459 57566 76004 78055 8428 76015 20729 20735 67840 71938 10507 90383 96537 6427 43292 37148 57639 37160 80169 78136 20793 84285 78141 31041
28 56
28677 90118 20486 96265 73741 28686 38928 73746 6163 22546 18451 86036 14359 22552 28697 32796 59421 30750 67615 20512 71717 75813 88104 10280 20522 36906 87121 8249 71739 4155 43069 67645 16447 65 92226 67651 28742 71751 47174 36938 24653 28750 94288 51284 73813 8276 28760 90 63580 28765 41054 45152 34914 51299 20579 6242
29 25
40964 57862 79881 80907 28171 35343 98320 10259 1558 23576 43034 85539 52778 52782 37935 88119 85048 78905 27719 3660 41038 40527 61520 35923 2132
30 19
92160 81921 20482 98306 45062 63494 40970 77838 32787 81945 63515 22555 10267 24608 63522 57379 36905 61485 92209
31 32
77824 3073 9216 94723 90116 96263 55306 63499 73230 13326 45582 35343 71698 54291 17427 99349 89622 91671 2072 38425 51736 15387 49181 78880 12832 60450 57379 7206 98858 9258 29740 12333
32 28
29198 12820 53781 54297 52761 3613 4125 45088 8249 24130 91206 93255 15943 51795 74837 58462 97894 49772 65141 39543 55932 59518 94847 50311 33421 84623 19600 62099
33 20
4 53253 14344 67596 67611 36893 24606 61471 77855 38945 12322 92195 28710 45094 81964 43053 61484 90171 67583 14397
34 1
33793
